COMPLEX_VECTOR_SIZE:   1560
0.2101775817E-03 0.8803618031E-03
-.1519319612E-03 0.1740847520E-02
-.1881806265E-02 0.2110352127E-02
-.1508787278E-02 -.1246803328E-02
0.6565198820E-03 -.3316001196E-04
-.5090282881E-03 0.1707128618E-02
-.2606715422E-03 0.2115424845E-03
0.3130248839E-03 0.1684617368E-02
-.1949046065E-02 0.9114787934E-03
0.3297527822E-04 -.1044842736E-02
0.1621143389E-02 -.1440957709E-02
-.4218446237E-03 0.8682880469E-03
-.6903914450E-03 0.3548975537E-03
0.4519112297E-03 0.6802644909E-03
-.2994288588E-03 -.3116613037E-03
0.1737435096E-02 -.7924517982E-03
0.8616184119E-03 0.1354279057E-02
-.1166840585E-02 0.9466968488E-03
-.2823308881E-03 -.4244049657E-03
0.5731271080E-03 -.1435293704E-02
-.1317987143E-03 0.1747989703E-02
-.1845464741E-02 -.2580756162E-03
-.9019327180E-03 0.2825808987E-03
-.2258803850E-02 -.1722746992E-03
0.3794712302E-03 -.2200051304E-02
0.1656175114E-03 0.3030578580E-02
-.2899261910E-02 -.1465567284E-02
0.2046231020E-02 -.4737201256E-03
0.9591054058E-04 -.8512902932E-04
-.3915536903E-03 -.2727298553E-02
0.3628930686E-03 0.8319935717E-03
-.1186089235E-02 -.2016150514E-03
-.4959316124E-03 -.9292726336E-03
0.7978257122E-03 -.1947441297E-02
0.1020088566E-03 0.1101593506E-03
-.7505983289E-03 -.6621782575E-03
0.1378999679E-02 0.9101243152E-03
-.7011954238E-04 0.2270258479E-03
-.4323340010E-03 -.1082024635E-02
0.8198113715E-05 -.2810437709E-04
-.4446634595E-03 -.9440547493E-03
-.2368074953E-02 -.2995496344E-03
0.1304892318E-02 -.6786858921E-03
0.1880952096E-02 0.1284181095E-02
0.3232851915E-04 0.3946329343E-03
0.1076277528E-02 0.9514084549E-03
0.1153535561E-02 -.1444173836E-02
0.1208775308E-02 -.1175398035E-02
-.7981602770E-03 0.1036882360E-02
-.2119250669E-03 -.1739538386E-02
0.1250208023E-02 -.3815262731E-03
-.1427902601E-02 0.3370646530E-03
0.1439584682E-02 -.1229230542E-02
0.1199781281E-02 0.2659949107E-02
-.2679236624E-02 0.5448980068E-03
0.1802555552E-02 -.2076765578E-03
-.1063332632E-02 0.7067165183E-03
-.1054716457E-02 -.1352481306E-02
-.5111469784E-03 0.8974229077E-03
-.2532905441E-02 0.5750909272E-04
-.8679505383E-03 -.1936854871E-02
-.1622725146E-02 -.3936729282E-03
-.1031256913E-02 0.5951215478E-04
-.1257682322E-02 -.6595630846E-03
-.8316722702E-03 -.1203890598E-02
-.1797265031E-02 0.5729415170E-03
-.1096497522E-02 -.1371402832E-02
0.1759408875E-02 -.1383015615E-02
-.6611098628E-03 0.1088660083E-03
0.2223618353E-02 -.9194774457E-03
0.1265907814E-02 0.1382175761E-02
0.1821224626E-02 0.2744984057E-03
0.2739143866E-02 0.9731568629E-03
-.1017124169E-02 0.1620984313E-02
-.6416847990E-03 -.7365671623E-03
0.2337919298E-03 0.3012809531E-05
0.7314371049E-03 -.8317510843E-03
0.4262722145E-03 0.4470382897E-03
-.2693300942E-03 0.8279469175E-03
-.4567985218E-03 -.1659633296E-02
-.4233737411E-03 -.4806346101E-03
0.1582999608E-03 -.1404677669E-02
-.1099463863E-03 -.1737656898E-02
-.4653914222E-03 -.2101265798E-03
0.3256021294E-03 0.4636242599E-03
0.1375672348E-02 -.6969719629E-03
-.5570823496E-03 -.3859049388E-03
0.2601566956E-04 0.4304245939E-03
-.2270655044E-03 0.1381179864E-02
-.6786610454E-03 -.8339656984E-04
0.2545423016E-02 -.4500093196E-03
-.2072271789E-02 0.1949089091E-02
-.1847956616E-03 -.1068682561E-02
0.1933255386E-02 0.1179617898E-02
-.1928325221E-02 0.4569545482E-03
0.1385644506E-02 0.2316878025E-03
0.1313626850E-02 0.2344456333E-02
-.9197039097E-03 -.2866103880E-02
0.5386040138E-04 0.4409517740E-04
-.1225181759E-03 0.3323343177E-03
0.6691850806E-03 -.3390542439E-02
-.7901569881E-03 0.5578222338E-04
0.7324797991E-03 -.1947579623E-02
0.1844733677E-02 0.5836304472E-04
-.2139378892E-02 -.1924088203E-02
0.1074657432E-02 -.3713384863E-03
0.2240873588E-03 0.1839326287E-03
0.2519808709E-02 -.7529539944E-03
0.1306800516E-02 0.2957586862E-02
0.2894074880E-03 0.1696026016E-03
0.9212565518E-03 0.1834175009E-02
-.1642584435E-02 0.1020701405E-02
-.8986939738E-03 -.1342245010E-02
0.3262458956E-05 -.8463108321E-03
-.1025475326E-02 0.1441851984E-02
-.5347985162E-04 -.1679207326E-02
0.1052635201E-02 -.1885800861E-02
-.1279291712E-03 0.4895614555E-03
-.6829082272E-03 -.3208130741E-02
0.2673665734E-02 -.1389206395E-02
0.4810315921E-03 0.2335341616E-02
-.3488032621E-03 -.8104674836E-03
0.1311262757E-02 0.1461609395E-02
-.1723045037E-02 0.1856721165E-02
-.5590051915E-03 0.9509958054E-03
-.2301232106E-02 0.9913574844E-03
-.5381885995E-03 0.4685343313E-03
-.1349492161E-02 0.2264601995E-02
-.2847657117E-02 0.1825298235E-02
-.2760312988E-02 0.1116204819E-02
-.3245886052E-02 -.2600296100E-02
0.1152876626E-02 -.1876807008E-02
-.1564504159E-02 0.9048582496E-03
-.5398698904E-03 -.9493527841E-03
0.5722637227E-03 0.1263307423E-02
-.5256881199E-03 0.7039348873E-03
0.1017847257E-02 -.1261074941E-02
-.1257177541E-02 0.2845519874E-03
0.1346903694E-02 -.3651900165E-04
0.1626404292E-02 0.1011995508E-02
-.1738632065E-02 -.2816799838E-03
0.6954094719E-03 -.1033245257E-02
0.1673039250E-02 0.5135969053E-03
-.2638243012E-03 -.1336533694E-02
0.3812213269E-04 0.1868540917E-02
-.7259681873E-03 0.7222918926E-03
-.1135016629E-02 -.1468232770E-02
-.3619412350E-03 0.6529362148E-03
0.3345699718E-03 -.6842869153E-03
-.6326237955E-03 0.1255776552E-03
-.9124794625E-03 -.2409051146E-03
0.3961271965E-03 -.5103029645E-03
0.4321295565E-03 -.2568453895E-02
0.2097517647E-03 0.1367177224E-02
-.3581174467E-03 0.5233574842E-03
0.1933573984E-02 -.5532310932E-03
-.1871453045E-03 0.1881879875E-02
0.1485308093E-02 -.1141009991E-02
0.9448599581E-04 0.1166342359E-02
0.6311277752E-03 -.1620502343E-02
0.2605454847E-02 0.1964497056E-02
-.1197396523E-02 -.1084105867E-02
0.2795338567E-02 -.1363143142E-02
0.5553822985E-03 0.3274567269E-02
-.2079728193E-02 -.3528129965E-03
-.8754607727E-03 -.3083639184E-03
0.2023773860E-02 -.1363402220E-02
-.9716048903E-03 0.4892288779E-03
-.1555144095E-02 -.1710773704E-02
0.1153273315E-02 0.1422582634E-03
-.8881243110E-03 -.2664794723E-02
0.1810412641E-02 -.2769874506E-02
0.2973029949E-02 0.1753234659E-02
0.2055878489E-02 0.1293072916E-02
-.1332134304E-02 0.1624141251E-02
0.1233772498E-02 0.3917859196E-03
0.3468144566E-03 0.1256655990E-02
-.9920817676E-03 -.1518905733E-02
0.9362589031E-03 0.5997110063E-03
-.2509665232E-02 0.2065053733E-02
0.1697034737E-04 -.4157024149E-02
0.3886702057E-02 0.1055547169E-02
-.2362934708E-02 0.1108979711E-02
0.3640536432E-03 -.2982186224E-02
-.5853397543E-03 0.1827740930E-03
-.1818984281E-02 -.3243153200E-02
0.1490912460E-02 -.5342840967E-03
0.1128118435E-02 -.4354819584E-03
0.2068106667E-02 0.2832084132E-02
-.2855297854E-02 0.7860027116E-03
0.9923522007E-03 -.1124031903E-02
0.3061445202E-03 0.1753773071E-02
-.5171001557E-03 -.2060514478E-02
0.4823632198E-03 0.2965811209E-02
-.2723717022E-02 0.2735422522E-02
0.1116832015E-03 -.7457890243E-03
-.9892799145E-03 0.4203681241E-03
-.1230553935E-02 0.7372653706E-03
-.1506730921E-03 -.3970535229E-03
-.1984928517E-03 -.4947745505E-03
-.5356880222E-04 -.3697652439E-03
0.9240689316E-03 -.4700926298E-03
-.4869871087E-03 0.3746757065E-03
-.2505822680E-02 -.1625423965E-02
0.1424441780E-02 0.2123406182E-02
-.1106269421E-02 0.7907480346E-03
0.5886198330E-03 -.3016438316E-02
0.1272727322E-02 0.1051504643E-02
-.7119017093E-03 0.1938863147E-03
0.1061606449E-02 0.2518015494E-04
-.6316919899E-03 -.4167738397E-03
0.7129660232E-03 0.2462679313E-02
-.1229013798E-02 0.1857933661E-02
-.3051247252E-03 0.2117587117E-03
-.1372444036E-02 0.2640972647E-02
-.1825802496E-02 0.8445961673E-03
0.1293569897E-02 0.1705230357E-02
-.3921656849E-02 0.4969682888E-03
0.1085072674E-03 -.1602039212E-02
0.6521783252E-03 0.2365613229E-02
-.8190767882E-03 -.5892512160E-03
0.2749453136E-02 0.1983051376E-03
-.1588895344E-02 0.1473241240E-02
0.6656090126E-03 0.1098830279E-02
-.1888133228E-03 0.6743553455E-03
0.1381355558E-02 -.1852505242E-02
0.2383927092E-02 0.7493619873E-04
0.3031748620E-02 0.1089448947E-02
0.1276176063E-02 0.1161327368E-02
-.1954678632E-02 0.2524855257E-02
0.9840238229E-03 0.8673231956E-03
0.3188126906E-03 -.2872979563E-03
-.1221948218E-02 -.1682348858E-03
0.1266610422E-02 0.9070104828E-03
-.5144631154E-03 0.1478609551E-02
-.7009471102E-03 0.3600934227E-04
0.2861571417E-03 0.1449272734E-02
0.9088980432E-03 0.1145576413E-02
-.2446352594E-02 -.1659097553E-03
0.2390351117E-02 -.6683460567E-03
-.5438026737E-03 0.3540619743E-02
-.3252076654E-02 -.4067852076E-02
0.4257189626E-02 -.5865225523E-03
-.1358905501E-02 0.2899520578E-02
0.1947101782E-02 -.2648373430E-02
0.2608884874E-02 0.2225748181E-02
0.3192956792E-03 -.2295419503E-02
0.3790735773E-02 -.7434872779E-03
0.9683286306E-03 0.3227754574E-02
0.2829087452E-03 -.5228508193E-03
-.1511894757E-02 0.1266838535E-04
-.9576366415E-03 -.1037371938E-02
0.4926071994E-03 -.5948820240E-03
-.6148573127E-03 -.2639894256E-02
-.3139686935E-04 0.1462669222E-02
0.1469118042E-02 -.4904801833E-03
0.2038922207E-02 -.4566523282E-02
-.8615456149E-03 0.8640420740E-03
0.1021150837E-02 0.8874491552E-03
0.2252476645E-02 0.2424681739E-02
-.2345667169E-02 0.4475628282E-03
-.1348919666E-03 -.9819063390E-03
0.3639909804E-02 0.1705445942E-02
0.1336720151E-02 -.6229737009E-03
-.5914485111E-03 0.5826696350E-03
0.3091917736E-03 0.1164028198E-03
0.4277618699E-03 0.8750736681E-03
-.2620403281E-03 -.1601068606E-02
0.1390298022E-02 0.1580756139E-02
-.4447553465E-02 0.2794740593E-02
-.2358946641E-03 -.5303747506E-02
0.1454756185E-02 -.2519740688E-03
-.4350417809E-02 -.2515948769E-02
0.3298820778E-02 -.1086282397E-02
-.4425821996E-03 0.8121283845E-03
-.1553397089E-02 -.3354519505E-02
-.1356265971E-02 0.1384369233E-02
-.6846594433E-03 -.1331182396E-02
-.1247034458E-03 0.3930480871E-03
-.3914544745E-02 -.1035971386E-02
0.1968513681E-02 0.6857899880E-03
-.2132044526E-02 -.2264611984E-02
0.2798403951E-02 -.1938656361E-02
-.8532900860E-03 0.4109504042E-02
-.2156386035E-02 -.3469387980E-02
0.3449301311E-02 0.5791493271E-03
-.1655721515E-02 -.6905774852E-03
0.2451125699E-02 -.7232659621E-03
0.4934898609E-03 0.2656262124E-02
-.2120631075E-02 0.7459465903E-03
0.1056211624E-02 -.1726357884E-02
0.3348415070E-02 -.2603163749E-02
0.3582977608E-02 0.8558088143E-03
-.8868211776E-03 0.3001110609E-02
-.1199652822E-02 0.2077128495E-02
-.4457493127E-03 -.3633373609E-03
0.1747340051E-02 -.5661145838E-03
0.2620952304E-02 0.2985448479E-02
-.1890200118E-02 0.1581649471E-02
-.5028256363E-02 0.2495024952E-02
-.4284027654E-02 -.1114910928E-02
0.4469586971E-02 -.3667270465E-02
0.2322914858E-02 0.1830940556E-02
-.1971051914E-02 0.1487069222E-02
-.2297858075E-02 0.1107304253E-02
-.3253758587E-02 -.1786119381E-02
0.1971909515E-02 -.3663694789E-02
-.3873216970E-04 0.9739116896E-03
-.2311993009E-03 -.2292780454E-02
-.1134591697E-02 0.6191699446E-03
-.2326468452E-02 -.5506105792E-02
0.6672462147E-02 -.9564152381E-03
-.2753100092E-02 0.3344601139E-02
0.1344082068E-02 -.4133011483E-02
-.1247832037E-02 0.3390401270E-02
-.2843768350E-02 -.4733814040E-02
0.4131048050E-02 -.1262242865E-02
-.1949009841E-02 0.4635828801E-04
-.1441951393E-03 -.2083598611E-02
0.9623742318E-03 0.1822890245E-02
0.6338127289E-03 -.2062099034E-02
-.1153987814E-03 0.3837740835E-03
-.1347861267E-02 0.1772435765E-02
-.1662066921E-02 0.2066525404E-02
-.2881836214E-02 0.5596150060E-03
0.2222542097E-02 0.4447720267E-03
0.4045384170E-04 0.1731319202E-02
-.9844034309E-03 -.4713051969E-02
0.3628840424E-03 0.4569545722E-02
-.1549347343E-02 0.1466540684E-02
0.3353113444E-02 0.7316260536E-03
-.1886460696E-02 0.3273668474E-02
0.1616149034E-02 -.2692220861E-02
0.1920116301E-02 0.3305946913E-02
-.9882014030E-03 0.5743765764E-03
0.1116394689E-02 0.2094815251E-02
-.1162666742E-02 0.7833574428E-03
-.1838865628E-02 -.7041667603E-03
-.1811316823E-02 -.5081282428E-02
0.5499915179E-02 -.2935857949E-03
-.3880418543E-02 0.4482996174E-02
-.1914648424E-02 -.7342027106E-02
0.5341157665E-03 -.1724778341E-05
-.1881801151E-02 -.3295877989E-02
0.8864996001E-02 -.6203000689E-03
0.5281194444E-03 0.4136733965E-03
-.1027753712E-02 -.1119411471E-02
0.9592910907E-03 0.2562299794E-02
0.2574681010E-02 -.2462537119E-02
0.4505660392E-03 0.3300507823E-02
0.1088951961E-02 0.1073251567E-02
0.4388559096E-02 0.2509441951E-02
-.5388212418E-02 0.7563961231E-03
0.3469235213E-03 -.2282261489E-02
0.1428950663E-02 0.3756008181E-02
-.2153715908E-02 -.3191705822E-02
0.3521111060E-02 0.1597057629E-02
-.3753437593E-02 -.4883791222E-03
0.4316091541E-02 -.4940608094E-02
0.2290109629E-02 0.8348321016E-02
-.5244780233E-02 0.8049792806E-03
0.2073420857E-02 -.2242119531E-02
0.4241058884E-03 -.9434513550E-03
0.1850426326E-02 0.3480281176E-02
-.2060394237E-02 0.2725599974E-02
0.1982991503E-02 -.3342904299E-02
-.1541781033E-02 0.1452000410E-02
0.7544569857E-03 -.2948159096E-02
0.5973229931E-02 0.5347076464E-02
-.2867952856E-02 0.3737585208E-02
-.7251797399E-04 -.1044789659E-02
-.4163009264E-02 -.1110255478E-02
0.2820158540E-02 -.5333274412E-02
0.1841991315E-02 0.3702156887E-02
-.2953609166E-02 -.8610466312E-05
-.2455927742E-02 -.2745085013E-03
-.2334203425E-02 -.6180375503E-02
0.4069259464E-02 -.4680934941E-02
-.3837970232E-02 0.3194688499E-04
0.4672181716E-02 0.3260151374E-03
-.9651493946E-03 0.8009732770E-03
0.1246605906E-02 -.5538710330E-02
0.7485218609E-02 0.3438576354E-02
0.2858873569E-02 0.1047768699E-02
0.3334384843E-02 0.1691017746E-02
-.4540472601E-02 0.6036900427E-02
0.2644731293E-02 -.1708623160E-02
0.5314043776E-02 0.1460048531E-02
-.5136523663E-02 0.4305361187E-02
0.2367198364E-02 -.8392607702E-03
0.3064905581E-03 0.1112532363E-02
-.3011968105E-02 -.3258031920E-02
0.8563195356E-03 -.9837752621E-04
-.7354635095E-03 -.2911888869E-02
-.9538101183E-03 -.4097002486E-02
0.3402170942E-02 -.3364453271E-02
0.7250567979E-02 0.1578153571E-02
-.2581650616E-02 0.2011458372E-02
-.2088226437E-03 -.2149271554E-02
0.8749765664E-04 0.1913403488E-02
-.3533878445E-03 -.8859584007E-03
0.1705833603E-02 -.1215024543E-02
-.1562972868E-02 0.9565107452E-03
-.3499289019E-02 -.2566750806E-03
0.3214978512E-03 -.2397805842E-02
0.3599353261E-02 -.2661578353E-02
-.1302360204E-02 0.4122432750E-02
-.3075980005E-02 0.1139394752E-02
0.7704112767E-04 -.2337480234E-03
-.4917438239E-02 -.3557753706E-03
0.4717551069E-02 -.1709450211E-02
0.2275597209E-02 0.4954715548E-02
-.4549824900E-02 -.2900595487E-02
0.2385652012E-02 0.4248275977E-02
0.1071019027E-02 0.5518811246E-02
0.4334577919E-02 -.1791416982E-02
0.1324679673E-02 0.1587388861E-02
-.1290117606E-02 0.6363643289E-03
-.1542011811E-02 0.5147231856E-03
-.2165786984E-03 -.1760063447E-02
0.1686548159E-02 0.5023566411E-02
-.3765762591E-02 -.4185662455E-04
0.6263396104E-02 -.2011764160E-02
-.1570202433E-02 0.6443576282E-02
-.6695368469E-04 -.2141595443E-02
0.2427980256E-02 0.6148202120E-02
-.5409007284E-02 -.1501313319E-02
0.2619260148E-02 -.2681801047E-02
-.1382055292E-02 -.2629690651E-02
0.3809193549E-02 0.6650982387E-03
-.2098836445E-02 0.5334046264E-02
-.1333190530E-02 -.4336424411E-05
0.7297009348E-03 -.8243307863E-04
0.1542477668E-02 0.3076873149E-03
0.2083415108E-02 0.3996224626E-02
0.3474694178E-03 0.2359614250E-02
-.1259285189E-02 0.2933975310E-02
-.2388591662E-02 -.2358050023E-02
-.2675349127E-02 -.4285884261E-02
0.1486670753E-02 0.4853236871E-02
-.2983487014E-02 0.5412503548E-02
-.5486259274E-02 -.3507634257E-02
-.4313360910E-02 -.2099716663E-02
0.3844246057E-02 -.2225424916E-02
-.5925278726E-03 0.2202900783E-02
-.3921190207E-02 0.3424361513E-03
-.6371037348E-04 0.1933330446E-02
-.7277752717E-02 -.7212810156E-02
0.1005962364E-02 -.1462559139E-02
-.3503872962E-02 0.7533791245E-02
0.1619803587E-02 -.5068790393E-02
-.1010477608E-02 0.2469315920E-02
-.5352243995E-02 -.1981483220E-02
0.9050566047E-02 -.3085495270E-02
0.7911795053E-04 0.2646967699E-02
0.3083967294E-03 0.1720311360E-02
-.4547519695E-02 -.8015392954E-03
0.7755296978E-03 -.8465446696E-02
0.5011783744E-02 -.7377503164E-03
0.1900864007E-02 -.3174491508E-02
0.2586325464E-02 0.4854058274E-02
-.1924538956E-02 0.3604855031E-02
0.3621069334E-02 -.3345439096E-02
-.5097116562E-02 0.5109002640E-02
-.2788669980E-02 -.5228156024E-03
0.6890838219E-02 -.1855553078E-02
-.7419377640E-02 0.3043287531E-02
0.7012625693E-03 -.3992278657E-02
0.6993695782E-02 0.6326338040E-02
-.9527532514E-02 0.8927827222E-03
-.3022744799E-02 0.1664111084E-02
-.3157716760E-02 0.5330666326E-02
-.4160383228E-02 -.1315944903E-02
-.2760759418E-02 0.2801143613E-02
-.5938551707E-03 0.4372504814E-02
-.5591240245E-02 0.4314384833E-02
-.2838014679E-02 -.9202148515E-02
0.3131589885E-02 -.3250390595E-02
-.3013860999E-02 0.1845772286E-02
0.2401685583E-02 0.2296268120E-02
-.4211641313E-02 0.2213088516E-02
0.5044995562E-03 -.1157099194E-01
0.9100728376E-02 0.8016567486E-03
0.2296861629E-02 0.2336909275E-02
0.3306035255E-02 0.1903858362E-02
0.2587690424E-02 0.8930441914E-04
0.4736802687E-02 -.3650274094E-02
-.8321462289E-03 -.2079135841E-02
0.3487845434E-02 0.1802478032E-02
-.4376209723E-04 0.3558412902E-02
0.6112375366E-02 -.8037992138E-02
0.7128024590E-02 0.4156755471E-02
-.2142363420E-02 -.5824817368E-02
0.1250392243E-01 -.2180062743E-02
0.1729327497E-02 0.5286820958E-02
0.5478398719E-03 -.6518717579E-02
0.4030131266E-02 0.8083838368E-02
0.3525703962E-02 0.3280737271E-03
0.1870670181E-02 0.1760516983E-02
-.6000405413E-02 0.5961252568E-02
0.5669093241E-02 0.8508528878E-03
0.2428231143E-02 -.2535335702E-02
-.1695565208E-02 -.3337372909E-02
-.5886467266E-03 0.3700404500E-02
0.1184360033E-02 -.6848306801E-02
0.5270967322E-02 -.6759255670E-03
-.4115805957E-02 0.1092037548E-01
0.4297774061E-02 -.3709981884E-02
0.3933023221E-02 0.3957286219E-04
-.6220069845E-02 0.6784822819E-02
0.1910454848E-02 0.7179254169E-02
-.2106700896E-02 0.1187116480E-02
-.8162848169E-02 0.7859085597E-02
-.1717076453E-01 0.2488551955E-03
0.6395037716E-02 -.5653761755E-02
-.1891583746E-02 0.1252897746E-01
-.8275740318E-02 -.7191950542E-02
0.4513346026E-02 -.2061924131E-03
-.1007004767E-01 -.6640133731E-02
0.1075028175E-01 -.1188120345E-01
0.3696919284E-02 0.1606353777E-02
-.3713107159E-02 -.1484698444E-02
-.8791710224E-02 0.1446580217E-02
-.4233240710E-02 -.1175059603E-01
0.7873895993E-02 0.6864359132E-02
-.6559560326E-02 0.6735092426E-02
0.8680422869E-03 -.2262769857E-02
-.9752995669E-02 0.1673889794E-02
-.3255800180E-02 -.6523333554E-02
0.2392634818E-02 -.7538830634E-03
0.1382578803E-03 -.6655437427E-02
0.7373610374E-02 0.7259994260E-02
-.9380991118E-02 0.3763470708E-02
-.1186269412E-03 -.9423191763E-02
0.5673334301E-03 0.8038587046E-02
-.3821749854E-03 0.8196358931E-02
-.5696553946E-02 0.6289437152E-02
-.3919810256E-02 -.4015895772E-02
0.7206320581E-02 0.8137705174E-02
-.1034905616E-01 0.3384818453E-02
0.6475877138E-03 -.1218163142E-02
-.1014506941E-01 0.4774521919E-02
0.1535741574E-03 -.1482922532E-01
0.1266998465E-01 -.4399896937E-03
-.1716513328E-02 0.7082627927E-03
0.1390967247E-02 0.2984792248E-02
-.1526482264E-01 0.1148650049E-02
0.1206056956E-02 -.1824386115E-01
0.1302341405E-01 -.4137462503E-02
0.1432000970E-02 0.4923936946E-02
-.1656584366E-02 0.9509035377E-02
-.9606644969E-02 -.5393384560E-02
-.6399851018E-02 -.1055751308E-02
-.1237500998E-01 0.4576378486E-02
0.5183610778E-02 -.2740067243E-02
0.2584027525E-03 0.4458251957E-02
-.7857740371E-02 -.9459602711E-02
0.5552911262E-03 -.9242935569E-02
-.4762910890E-03 -.6124608434E-02
0.4611870101E-02 0.1560586712E-04
0.1866920817E-01 -.1312375424E-02
0.6880616235E-02 -.3727609327E-02
-.9408750154E-02 0.5796785188E-02
0.6598855295E-02 0.5081721726E-02
-.4724148592E-02 0.7464103688E-02
-.2378898542E-01 -.1011996874E-02
0.1083947900E-01 -.8805513891E-02
0.9286388883E-02 -.1186819501E-02
0.1797532544E-02 -.9489332347E-02
0.1428759804E-01 0.2090440264E-01
0.2214764934E-03 0.1461173449E-02
0.5849955140E-02 -.5521166544E-02
-.1244600346E-01 0.2216746102E-02
0.1713465717E-01 -.2696304431E-01
0.2283542890E-01 0.1843410552E-01
-.1639539261E-01 -.7572789921E-03
0.1890938208E-01 0.7256011043E-02
-.1841395971E-01 0.2310399687E-01
-.2747778816E-02 -.3444056633E-01
0.1659874959E-01 0.2250981504E-01
-.2292151385E-01 0.8090365406E-03
0.2158688029E-01 -.1545027871E-01
-.4254650050E-02 0.7408533859E-02
-.1543518213E-01 -.1779414806E-01
0.1336975081E-01 -.2157580507E-02
0.7062620318E-02 0.7062653653E-02
-.1835820867E-01 -.5788363315E-02
-.1428915317E-01 -.2022253133E-01
0.2597130538E-02 -.7245062447E-02
0.3345127677E-03 0.2314025819E-02
0.2649784836E-02 -.1040298924E-01
-.5248302842E-02 -.9831268800E-02
-.2489343370E-01 -.1455920253E-01
0.1113667124E-01 -.2800301347E-01
0.1505939420E-01 0.5520399190E-02
-.2560740877E-01 0.6343588365E-02
0.5233795162E-02 -.3311345627E-01
0.1996101895E-01 -.4669238305E-02
-.2688775411E-01 0.6599663913E-02
0.2047564704E-01 -.1996489228E-01
0.6102648957E-02 0.1756874301E-01
-.3041906422E-01 -.1173907790E-01
0.2954048390E-01 -.2261042689E-02
-.2582897936E-02 0.1867331368E-01
-.5624664294E-02 -.1068448702E-02
-.2066416650E-02 0.4290925583E-02
-.8532907799E-02 -.2194340825E-01
-.5368151724E-02 -.1067263734E-01
0.4073318647E-02 0.2849765055E-02
0.2218746835E-01 0.5355080696E-02
-.5682659746E-02 0.3761546413E-02
0.6188615892E-02 -.8439587709E-03
-.3879598497E-02 0.2419897757E-02
-.8166184524E-02 -.2367171586E-01
0.1634558876E-01 -.6570561557E-02
-.2777915837E-01 0.1426647720E-02
-.2767482290E-03 -.9790207249E-02
-.4200063863E-02 0.1844874689E-01
-.3330491869E-01 -.3495173551E-01
0.1816988225E-01 -.3608306366E-02
-.6425430697E-02 0.1963437881E-01
0.9752866544E-02 -.3513899086E-01
0.1838736143E-02 0.1505311138E-01
-.7610230539E-02 0.7163989999E-02
0.1724115822E-01 -.1214437780E-01
0.2319747619E-02 -.3298507540E-02
-.5247337201E-02 0.3476274982E-01
-.1136869555E-01 -.4778349885E-02
0.1416766470E-01 -.1423181672E-01
-.1893436562E-01 0.2096960099E-01
0.1671676995E-01 -.1162036902E-01
0.1673814889E-01 0.2553834823E-01
-.2514191448E-01 0.5651673730E-02
-.1242387274E-01 -.2817631407E-02
-.9554390571E-02 -.7356032040E-02
0.8455329357E-02 -.7698278844E-02
-.6456210529E-02 0.6350647505E-02
-.7952765413E-02 -.1560861254E-01
-.2630383307E-02 0.8384403445E-04
0.9045342032E-02 -.1890474257E-01
0.6110648897E-02 -.1118028184E-01
-.5704652478E-02 0.2760255826E-01
0.2144362730E-01 -.7382024182E-02
0.6025124986E-02 0.6915471880E-02
-.1403733248E-01 -.4758352151E-02
0.2964592267E-01 -.2683196554E-02
-.1145631464E-01 0.1882839272E-01
-.1993421600E-01 -.1080988916E-01
-.5009392881E-02 0.3533957284E-01
-.2409313647E-01 -.1084305823E-01
0.1610345139E-02 -.1385024776E-02
-.2085656169E-01 0.7653600895E-02
0.6754810834E-02 -.3041871300E-01
0.5504979302E-02 0.1135349422E-01
0.9952802183E-02 -.1932698582E-01
0.1111620523E-01 0.1403559073E-01
0.1528788183E-01 0.1426856539E-02
0.2729705213E-01 -.1227921112E-01
-.1297867738E-01 -.1012575155E-01
0.2662076199E-01 0.2566495858E-01
0.1094201487E-01 0.3361407669E-01
0.3340251606E-01 -.1056363581E-01
0.4794927020E-02 -.9449795238E-02
0.2136249337E-01 -.3323801208E-01
0.2037996558E-01 0.1868880404E-01
-.4256973631E-01 0.8387553051E-02
-.4085200730E-02 0.1909162075E-01
-.7275645367E-02 -.1985310072E-02
0.1315557021E-01 -.1047773858E-01
0.1327254181E-01 0.2381680051E-01
-.1384348352E-01 -.9590825721E-02
-.1569283497E-01 -.8675292395E-02
-.2989578535E-02 -.4653382571E-02
-.5358600769E-02 -.6892812314E-02
-.1740699918E-02 0.3666539389E-02
0.2348640344E-01 -.5683135526E-02
-.1276809495E-01 -.1136529740E-01
-.6426217323E-02 -.2161338238E-01
0.3432265676E-01 0.2537827303E-01
-.9768156380E-02 0.7147391618E-02
0.1132980777E-01 -.7767828745E-02
-.1177634500E-01 -.4472889889E-02
0.1337576299E-01 -.3980866243E-01
-.9792124975E-03 0.3612129869E-01
-.2632953169E-01 0.1558371024E-01
-.4334560488E-02 -.9607946235E-02
-.1710773704E-01 -.2638078933E-01
0.2884691161E-01 -.1900559338E-02
0.5534327565E-02 0.2124012490E-01
0.1240381785E-01 0.2038001768E-01
-.2261432811E-01 0.9467791530E-02
0.5554977045E-02 -.2890945441E-01
0.2879661405E-01 0.1621282142E-01
-.6490923423E-02 -.6553876169E-02
0.1436056068E-01 0.1937538986E-01
-.2358570890E-01 0.1106475145E-01
0.1560559832E-01 -.1822664531E-01
-.9315568829E-02 0.1491007453E-01
-.1794367265E-01 -.3060933949E-01
0.3911945745E-02 0.1450414911E-01
-.1115494055E-01 -.7738909598E-02
0.5167802876E-01 -.2001749714E-01
-.3695522578E-01 0.2429257226E-01
-.7063445852E-02 -.9195298551E-02
0.2116978318E-01 0.2386767798E-01
-.3108924196E-01 0.5195599498E-02
0.4640608149E-02 0.2434510751E-01
-.2090693218E-01 0.7343126735E-02
-.1294899831E-01 0.1337748713E-01
-.3317308380E-01 0.1843023720E-01
0.6053868249E-01 -.1636407787E-01
-.2501132899E-01 0.2232356779E-01
-.5884342948E-01 -.2593377564E-01
0.3811033981E-01 0.3901097526E-01
-.4559024603E-01 -.2978208457E-01
0.2557885827E-01 -.1814122365E-01
0.3382507185E-03 0.2459149034E-01
0.1327127405E-01 -.4152650568E-01
-.4422557574E-02 0.6310016265E-02
0.1522915853E-01 0.2889411020E-01
-.3115664592E-01 0.4140778898E-01
-.2134701592E-01 -.2862102670E-01
0.2924325005E-01 0.4840886294E-01
-.1862216102E-01 -.4750277236E-01
0.4603449481E-01 0.8566979685E-05
-.3661616975E-01 0.1745654475E-01
0.2353178102E-01 -.2720077121E-01
-.1403909160E-01 0.4970877905E-01
-.2343330298E-01 -.7172832989E-02
-.2607814701E-01 0.6970633541E-02
-.2856178347E-01 -.3923723224E-01
0.4775583639E-02 -.3712924141E-01
0.1412259819E-01 -.6559270684E-01
0.4923228723E-01 0.2170506268E-01
-.1113968098E-01 -.1361021002E-02
0.1695361634E-01 -.2540964118E-01
-.1330470273E-01 0.4979884144E-01
-.2980586337E-01 -.8848658348E-02
-.2060805470E-01 -.2834854856E-01
0.1172838661E-01 0.4719825522E-03
-.3980990926E-02 0.1047695894E-01
0.1367920130E-01 -.2870161614E-01
0.3166748320E-02 0.6275585501E-01
-.5233139333E-01 0.1380449195E-01
0.4056724876E-01 0.2305441606E-03
-.1740521221E-01 0.4416104297E-01
0.1668911850E-03 -.5762827725E-01
0.2509834605E-01 0.7792769663E-02
-.1562500298E-01 -.3604349630E-02
0.1668629784E-01 -.3428326127E-02
-.1953640804E-01 0.7364625041E-02
0.2783838164E-01 -.1016433325E-02
-.2861141092E-01 0.7745669948E-02
-.3226525565E-01 -.3098655153E-01
0.1288312700E-01 -.8714563965E-03
-.1594687718E-01 -.2517108636E-01
0.6923953872E-02 -.1513636562E-01
0.2507480641E-01 -.2332210173E-02
-.1796922936E-01 0.8874482555E-02
-.1803989391E-02 -.3127716475E-02
0.1886922894E-01 0.1945738900E-01
-.2772800648E-01 0.9574395726E-02
-.1145800796E-01 -.2027534855E-01
0.1310333594E-01 -.6534501799E-02
0.8210837556E-03 0.3079807867E-01
-.1174835893E-01 -.5483737327E-02
0.2357533966E-01 0.6142727615E-02
-.3001078849E-01 -.8992632462E-02
0.2450893830E-01 -.3325383401E-01
0.1301937146E-01 0.2497657957E-01
-.1022602663E-01 -.1372982064E-01
-.1466169309E-03 0.8649846455E-02
-.5941865200E-02 -.1175560139E-02
0.3743104095E-02 -.1193929587E-01
-.1681646252E-01 -.7443878008E-02
0.1052234748E-01 -.1068070193E-01
-.1583118605E-03 0.1568862318E-02
-.1331149226E-02 0.1336616427E-02
-.1041172913E-03 0.3971323253E-03
-.2169519324E-04 0.0000000000E+00
-.1041172913E-03 -.3971323253E-03
-.1331149226E-02 -.1336616427E-02
-.1583118605E-03 -.1568862318E-02
0.1052234748E-01 0.1068070193E-01
-.1681646252E-01 0.7443878008E-02
0.3743104095E-02 0.1193929587E-01
-.5941865200E-02 0.1175560139E-02
-.1466169309E-03 -.8649846455E-02
-.1022602663E-01 0.1372982064E-01
0.1301937146E-01 -.2497657957E-01
0.2450893830E-01 0.3325383401E-01
-.3001078849E-01 0.8992632462E-02
0.2357533966E-01 -.6142727615E-02
-.1174835893E-01 0.5483737327E-02
0.8210837556E-03 -.3079807867E-01
0.1310333594E-01 0.6534501799E-02
-.1145800796E-01 0.2027534855E-01
-.2772800648E-01 -.9574395726E-02
0.1886922894E-01 -.1945738900E-01
-.1803989391E-02 0.3127716475E-02
-.1796922936E-01 -.8874482555E-02
0.2507480641E-01 0.2332210173E-02
0.6923953872E-02 0.1513636562E-01
-.1594687718E-01 0.2517108636E-01
0.1288312700E-01 0.8714563965E-03
-.3226525565E-01 0.3098655153E-01
-.2861141092E-01 -.7745669948E-02
0.2783838164E-01 0.1016433325E-02
-.1953640804E-01 -.7364625041E-02
0.1668629784E-01 0.3428326127E-02
-.1562500298E-01 0.3604349630E-02
0.2509834605E-01 -.7792769663E-02
0.1668911850E-03 0.5762827725E-01
-.1740521221E-01 -.4416104297E-01
0.4056724876E-01 -.2305441606E-03
-.5233139333E-01 -.1380449195E-01
0.3166748320E-02 -.6275585501E-01
0.1367920130E-01 0.2870161614E-01
-.3980990926E-02 -.1047695894E-01
0.1172838661E-01 -.4719825522E-03
-.2060805470E-01 0.2834854856E-01
-.2980586337E-01 0.8848658348E-02
-.1330470273E-01 -.4979884144E-01
0.1695361634E-01 0.2540964118E-01
-.1113968098E-01 0.1361021002E-02
0.4923228723E-01 -.2170506268E-01
0.1412259819E-01 0.6559270684E-01
0.4775583639E-02 0.3712924141E-01
-.2856178347E-01 0.3923723224E-01
-.2607814701E-01 -.6970633541E-02
-.2343330298E-01 0.7172832989E-02
-.1403909160E-01 -.4970877905E-01
0.2353178102E-01 0.2720077121E-01
-.3661616975E-01 -.1745654475E-01
0.4603449481E-01 -.8566979685E-05
-.1862216102E-01 0.4750277236E-01
0.2924325005E-01 -.4840886294E-01
-.2134701592E-01 0.2862102670E-01
-.3115664592E-01 -.4140778898E-01
0.1522915853E-01 -.2889411020E-01
-.4422557574E-02 -.6310016265E-02
0.1327127405E-01 0.4152650568E-01
0.3382507185E-03 -.2459149034E-01
0.2557885827E-01 0.1814122365E-01
-.4559024603E-01 0.2978208457E-01
0.3811033981E-01 -.3901097526E-01
-.5884342948E-01 0.2593377564E-01
-.2501132899E-01 -.2232356779E-01
0.6053868249E-01 0.1636407787E-01
-.3317308380E-01 -.1843023720E-01
-.1294899831E-01 -.1337748713E-01
-.2090693218E-01 -.7343126735E-02
0.4640608149E-02 -.2434510751E-01
-.3108924196E-01 -.5195599498E-02
0.2116978318E-01 -.2386767798E-01
-.7063445852E-02 0.9195298551E-02
-.3695522578E-01 -.2429257226E-01
0.5167802876E-01 0.2001749714E-01
-.1115494055E-01 0.7738909598E-02
0.3911945745E-02 -.1450414911E-01
-.1794367265E-01 0.3060933949E-01
-.9315568829E-02 -.1491007453E-01
0.1560559832E-01 0.1822664531E-01
-.2358570890E-01 -.1106475145E-01
0.1436056068E-01 -.1937538986E-01
-.6490923423E-02 0.6553876169E-02
0.2879661405E-01 -.1621282142E-01
0.5554977045E-02 0.2890945441E-01
-.2261432811E-01 -.9467791530E-02
0.1240381785E-01 -.2038001768E-01
0.5534327565E-02 -.2124012490E-01
0.2884691161E-01 0.1900559338E-02
-.1710773704E-01 0.2638078933E-01
-.4334560488E-02 0.9607946235E-02
-.2632953169E-01 -.1558371024E-01
-.9792124975E-03 -.3612129869E-01
0.1337576299E-01 0.3980866243E-01
-.1177634500E-01 0.4472889889E-02
0.1132980777E-01 0.7767828745E-02
-.9768156380E-02 -.7147391618E-02
0.3432265676E-01 -.2537827303E-01
-.6426217323E-02 0.2161338238E-01
-.1276809495E-01 0.1136529740E-01
0.2348640344E-01 0.5683135526E-02
-.1740699918E-02 -.3666539389E-02
-.5358600769E-02 0.6892812314E-02
-.2989578535E-02 0.4653382571E-02
-.1569283497E-01 0.8675292395E-02
-.1384348352E-01 0.9590825721E-02
0.1327254181E-01 -.2381680051E-01
0.1315557021E-01 0.1047773858E-01
-.7275645367E-02 0.1985310072E-02
-.4085200730E-02 -.1909162075E-01
-.4256973631E-01 -.8387553051E-02
0.2037996558E-01 -.1868880404E-01
0.2136249337E-01 0.3323801208E-01
0.4794927020E-02 0.9449795238E-02
0.3340251606E-01 0.1056363581E-01
0.1094201487E-01 -.3361407669E-01
0.2662076199E-01 -.2566495858E-01
-.1297867738E-01 0.1012575155E-01
0.2729705213E-01 0.1227921112E-01
0.1528788183E-01 -.1426856539E-02
0.1111620523E-01 -.1403559073E-01
0.9952802183E-02 0.1932698582E-01
0.5504979302E-02 -.1135349422E-01
0.6754810834E-02 0.3041871300E-01
-.2085656169E-01 -.7653600895E-02
0.1610345139E-02 0.1385024776E-02
-.2409313647E-01 0.1084305823E-01
-.5009392881E-02 -.3533957284E-01
-.1993421600E-01 0.1080988916E-01
-.1145631464E-01 -.1882839272E-01
0.2964592267E-01 0.2683196554E-02
-.1403733248E-01 0.4758352151E-02
0.6025124986E-02 -.6915471880E-02
0.2144362730E-01 0.7382024182E-02
-.5704652478E-02 -.2760255826E-01
0.6110648897E-02 0.1118028184E-01
0.9045342032E-02 0.1890474257E-01
-.2630383307E-02 -.8384403445E-04
-.7952765413E-02 0.1560861254E-01
-.6456210529E-02 -.6350647505E-02
0.8455329357E-02 0.7698278844E-02
-.9554390571E-02 0.7356032040E-02
-.1242387274E-01 0.2817631407E-02
-.2514191448E-01 -.5651673730E-02
0.1673814889E-01 -.2553834823E-01
0.1671676995E-01 0.1162036902E-01
-.1893436562E-01 -.2096960099E-01
0.1416766470E-01 0.1423181672E-01
-.1136869555E-01 0.4778349885E-02
-.5247337201E-02 -.3476274982E-01
0.2319747619E-02 0.3298507540E-02
0.1724115822E-01 0.1214437780E-01
-.7610230539E-02 -.7163989999E-02
0.1838736143E-02 -.1505311138E-01
0.9752866544E-02 0.3513899086E-01
-.6425430697E-02 -.1963437881E-01
0.1816988225E-01 0.3608306366E-02
-.3330491869E-01 0.3495173551E-01
-.4200063863E-02 -.1844874689E-01
-.2767482290E-03 0.9790207249E-02
-.2777915837E-01 -.1426647720E-02
0.1634558876E-01 0.6570561557E-02
-.8166184524E-02 0.2367171586E-01
-.3879598497E-02 -.2419897757E-02
0.6188615892E-02 0.8439587709E-03
-.5682659746E-02 -.3761546413E-02
0.2218746835E-01 -.5355080696E-02
0.4073318647E-02 -.2849765055E-02
-.5368151724E-02 0.1067263734E-01
-.8532907799E-02 0.2194340825E-01
-.2066416650E-02 -.4290925583E-02
-.5624664294E-02 0.1068448702E-02
-.2582897936E-02 -.1867331368E-01
0.2954048390E-01 0.2261042689E-02
-.3041906422E-01 0.1173907790E-01
0.6102648957E-02 -.1756874301E-01
0.2047564704E-01 0.1996489228E-01
-.2688775411E-01 -.6599663913E-02
0.1996101895E-01 0.4669238305E-02
0.5233795162E-02 0.3311345627E-01
-.2560740877E-01 -.6343588365E-02
0.1505939420E-01 -.5520399190E-02
0.1113667124E-01 0.2800301347E-01
-.2489343370E-01 0.1455920253E-01
-.5248302842E-02 0.9831268800E-02
0.2649784836E-02 0.1040298924E-01
0.3345127677E-03 -.2314025819E-02
0.2597130538E-02 0.7245062447E-02
-.1428915317E-01 0.2022253133E-01
-.1835820867E-01 0.5788363315E-02
0.7062620318E-02 -.7062653653E-02
0.1336975081E-01 0.2157580507E-02
-.1543518213E-01 0.1779414806E-01
-.4254650050E-02 -.7408533859E-02
0.2158688029E-01 0.1545027871E-01
-.2292151385E-01 -.8090365406E-03
0.1659874959E-01 -.2250981504E-01
-.2747778816E-02 0.3444056633E-01
-.1841395971E-01 -.2310399687E-01
0.1890938208E-01 -.7256011043E-02
-.1639539261E-01 0.7572789921E-03
0.2283542890E-01 -.1843410552E-01
0.1713465717E-01 0.2696304431E-01
-.1244600346E-01 -.2216746102E-02
0.5849955140E-02 0.5521166544E-02
0.2214764934E-03 -.1461173449E-02
0.1428759804E-01 -.2090440264E-01
0.1797532544E-02 0.9489332347E-02
0.9286388883E-02 0.1186819501E-02
0.1083947900E-01 0.8805513891E-02
-.2378898542E-01 0.1011996874E-02
-.4724148592E-02 -.7464103688E-02
0.6598855295E-02 -.5081721726E-02
-.9408750154E-02 -.5796785188E-02
0.6880616235E-02 0.3727609327E-02
0.1866920817E-01 0.1312375424E-02
0.4611870101E-02 -.1560586712E-04
-.4762910890E-03 0.6124608434E-02
0.5552911262E-03 0.9242935569E-02
-.7857740371E-02 0.9459602711E-02
0.2584027525E-03 -.4458251957E-02
0.5183610778E-02 0.2740067243E-02
-.1237500998E-01 -.4576378486E-02
-.6399851018E-02 0.1055751308E-02
-.9606644969E-02 0.5393384560E-02
-.1656584366E-02 -.9509035377E-02
0.1432000970E-02 -.4923936946E-02
0.1302341405E-01 0.4137462503E-02
0.1206056956E-02 0.1824386115E-01
-.1526482264E-01 -.1148650049E-02
0.1390967247E-02 -.2984792248E-02
-.1716513328E-02 -.7082627927E-03
0.1266998465E-01 0.4399896937E-03
0.1535741574E-03 0.1482922532E-01
-.1014506941E-01 -.4774521919E-02
0.6475877138E-03 0.1218163142E-02
-.1034905616E-01 -.3384818453E-02
0.7206320581E-02 -.8137705174E-02
-.3919810256E-02 0.4015895772E-02
-.5696553946E-02 -.6289437152E-02
-.3821749854E-03 -.8196358931E-02
0.5673334301E-03 -.8038587046E-02
-.1186269412E-03 0.9423191763E-02
-.9380991118E-02 -.3763470708E-02
0.7373610374E-02 -.7259994260E-02
0.1382578803E-03 0.6655437427E-02
0.2392634818E-02 0.7538830634E-03
-.3255800180E-02 0.6523333554E-02
-.9752995669E-02 -.1673889794E-02
0.8680422869E-03 0.2262769857E-02
-.6559560326E-02 -.6735092426E-02
0.7873895993E-02 -.6864359132E-02
-.4233240710E-02 0.1175059603E-01
-.8791710224E-02 -.1446580217E-02
-.3713107159E-02 0.1484698444E-02
0.3696919284E-02 -.1606353777E-02
0.1075028175E-01 0.1188120345E-01
-.1007004767E-01 0.6640133731E-02
0.4513346026E-02 0.2061924131E-03
-.8275740318E-02 0.7191950542E-02
-.1891583746E-02 -.1252897746E-01
0.6395037716E-02 0.5653761755E-02
-.1717076453E-01 -.2488551955E-03
-.8162848169E-02 -.7859085597E-02
-.2106700896E-02 -.1187116480E-02
0.1910454848E-02 -.7179254169E-02
-.6220069845E-02 -.6784822819E-02
0.3933023221E-02 -.3957286219E-04
0.4297774061E-02 0.3709981884E-02
-.4115805957E-02 -.1092037548E-01
0.5270967322E-02 0.6759255670E-03
0.1184360033E-02 0.6848306801E-02
-.5886467266E-03 -.3700404500E-02
-.1695565208E-02 0.3337372909E-02
0.2428231143E-02 0.2535335702E-02
0.5669093241E-02 -.8508528878E-03
-.6000405413E-02 -.5961252568E-02
0.1870670181E-02 -.1760516983E-02
0.3525703962E-02 -.3280737271E-03
0.4030131266E-02 -.8083838368E-02
0.5478398719E-03 0.6518717579E-02
0.1729327497E-02 -.5286820958E-02
0.1250392243E-01 0.2180062743E-02
-.2142363420E-02 0.5824817368E-02
0.7128024590E-02 -.4156755471E-02
0.6112375366E-02 0.8037992138E-02
-.4376209723E-04 -.3558412902E-02
0.3487845434E-02 -.1802478032E-02
-.8321462289E-03 0.2079135841E-02
0.4736802687E-02 0.3650274094E-02
0.2587690424E-02 -.8930441914E-04
0.3306035255E-02 -.1903858362E-02
0.2296861629E-02 -.2336909275E-02
0.9100728376E-02 -.8016567486E-03
0.5044995562E-03 0.1157099194E-01
-.4211641313E-02 -.2213088516E-02
0.2401685583E-02 -.2296268120E-02
-.3013860999E-02 -.1845772286E-02
0.3131589885E-02 0.3250390595E-02
-.2838014679E-02 0.9202148515E-02
-.5591240245E-02 -.4314384833E-02
-.5938551707E-03 -.4372504814E-02
-.2760759418E-02 -.2801143613E-02
-.4160383228E-02 0.1315944903E-02
-.3157716760E-02 -.5330666326E-02
-.3022744799E-02 -.1664111084E-02
-.9527532514E-02 -.8927827222E-03
0.6993695782E-02 -.6326338040E-02
0.7012625693E-03 0.3992278657E-02
-.7419377640E-02 -.3043287531E-02
0.6890838219E-02 0.1855553078E-02
-.2788669980E-02 0.5228156024E-03
-.5097116562E-02 -.5109002640E-02
0.3621069334E-02 0.3345439096E-02
-.1924538956E-02 -.3604855031E-02
0.2586325464E-02 -.4854058274E-02
0.1900864007E-02 0.3174491508E-02
0.5011783744E-02 0.7377503164E-03
0.7755296978E-03 0.8465446696E-02
-.4547519695E-02 0.8015392954E-03
0.3083967294E-03 -.1720311360E-02
0.7911795053E-04 -.2646967699E-02
0.9050566047E-02 0.3085495270E-02
-.5352243995E-02 0.1981483220E-02
-.1010477608E-02 -.2469315920E-02
0.1619803587E-02 0.5068790393E-02
-.3503872962E-02 -.7533791245E-02
0.1005962364E-02 0.1462559139E-02
-.7277752717E-02 0.7212810156E-02
-.6371037348E-04 -.1933330446E-02
-.3921190207E-02 -.3424361513E-03
-.5925278726E-03 -.2202900783E-02
0.3844246057E-02 0.2225424916E-02
-.4313360910E-02 0.2099716663E-02
-.5486259274E-02 0.3507634257E-02
-.2983487014E-02 -.5412503548E-02
0.1486670753E-02 -.4853236871E-02
-.2675349127E-02 0.4285884261E-02
-.2388591662E-02 0.2358050023E-02
-.1259285189E-02 -.2933975310E-02
0.3474694178E-03 -.2359614250E-02
0.2083415108E-02 -.3996224626E-02
0.1542477668E-02 -.3076873149E-03
0.7297009348E-03 0.8243307863E-04
-.1333190530E-02 0.4336424411E-05
-.2098836445E-02 -.5334046264E-02
0.3809193549E-02 -.6650982387E-03
-.1382055292E-02 0.2629690651E-02
0.2619260148E-02 0.2681801047E-02
-.5409007284E-02 0.1501313319E-02
0.2427980256E-02 -.6148202120E-02
-.6695368469E-04 0.2141595443E-02
-.1570202433E-02 -.6443576282E-02
0.6263396104E-02 0.2011764160E-02
-.3765762591E-02 0.4185662455E-04
0.1686548159E-02 -.5023566411E-02
-.2165786984E-03 0.1760063447E-02
-.1542011811E-02 -.5147231856E-03
-.1290117606E-02 -.6363643289E-03
0.1324679673E-02 -.1587388861E-02
0.4334577919E-02 0.1791416982E-02
0.1071019027E-02 -.5518811246E-02
0.2385652012E-02 -.4248275977E-02
-.4549824900E-02 0.2900595487E-02
0.2275597209E-02 -.4954715548E-02
0.4717551069E-02 0.1709450211E-02
-.4917438239E-02 0.3557753706E-03
0.7704112767E-04 0.2337480234E-03
-.3075980005E-02 -.1139394752E-02
-.1302360204E-02 -.4122432750E-02
0.3599353261E-02 0.2661578353E-02
0.3214978512E-03 0.2397805842E-02
-.3499289019E-02 0.2566750806E-03
-.1562972868E-02 -.9565107452E-03
0.1705833603E-02 0.1215024543E-02
-.3533878445E-03 0.8859584007E-03
0.8749765664E-04 -.1913403488E-02
-.2088226437E-03 0.2149271554E-02
-.2581650616E-02 -.2011458372E-02
0.7250567979E-02 -.1578153571E-02
0.3402170942E-02 0.3364453271E-02
-.9538101183E-03 0.4097002486E-02
-.7354635095E-03 0.2911888869E-02
0.8563195356E-03 0.9837752621E-04
-.3011968105E-02 0.3258031920E-02
0.3064905581E-03 -.1112532363E-02
0.2367198364E-02 0.8392607702E-03
-.5136523663E-02 -.4305361187E-02
0.5314043776E-02 -.1460048531E-02
0.2644731293E-02 0.1708623160E-02
-.4540472601E-02 -.6036900427E-02
0.3334384843E-02 -.1691017746E-02
0.2858873569E-02 -.1047768699E-02
0.7485218609E-02 -.3438576354E-02
0.1246605906E-02 0.5538710330E-02
-.9651493946E-03 -.8009732770E-03
0.4672181716E-02 -.3260151374E-03
-.3837970232E-02 -.3194688499E-04
0.4069259464E-02 0.4680934941E-02
-.2334203425E-02 0.6180375503E-02
-.2455927742E-02 0.2745085013E-03
-.2953609166E-02 0.8610466312E-05
0.1841991315E-02 -.3702156887E-02
0.2820158540E-02 0.5333274412E-02
-.4163009264E-02 0.1110255478E-02
-.7251797399E-04 0.1044789659E-02
-.2867952856E-02 -.3737585208E-02
0.5973229931E-02 -.5347076464E-02
0.7544569857E-03 0.2948159096E-02
-.1541781033E-02 -.1452000410E-02
0.1982991503E-02 0.3342904299E-02
-.2060394237E-02 -.2725599974E-02
0.1850426326E-02 -.3480281176E-02
0.4241058884E-03 0.9434513550E-03
0.2073420857E-02 0.2242119531E-02
-.5244780233E-02 -.8049792806E-03
0.2290109629E-02 -.8348321016E-02
0.4316091541E-02 0.4940608094E-02
-.3753437593E-02 0.4883791222E-03
0.3521111060E-02 -.1597057629E-02
-.2153715908E-02 0.3191705822E-02
0.1428950663E-02 -.3756008181E-02
0.3469235213E-03 0.2282261489E-02
-.5388212418E-02 -.7563961231E-03
0.4388559096E-02 -.2509441951E-02
0.1088951961E-02 -.1073251567E-02
0.4505660392E-03 -.3300507823E-02
0.2574681010E-02 0.2462537119E-02
0.9592910907E-03 -.2562299794E-02
-.1027753712E-02 0.1119411471E-02
0.5281194444E-03 -.4136733965E-03
0.8864996001E-02 0.6203000689E-03
-.1881801151E-02 0.3295877989E-02
0.5341157665E-03 0.1724778341E-05
-.1914648424E-02 0.7342027106E-02
-.3880418543E-02 -.4482996174E-02
0.5499915179E-02 0.2935857949E-03
-.1811316823E-02 0.5081282428E-02
-.1838865628E-02 0.7041667603E-03
-.1162666742E-02 -.7833574428E-03
0.1116394689E-02 -.2094815251E-02
-.9882014030E-03 -.5743765764E-03
0.1920116301E-02 -.3305946913E-02
0.1616149034E-02 0.2692220861E-02
-.1886460696E-02 -.3273668474E-02
0.3353113444E-02 -.7316260536E-03
-.1549347343E-02 -.1466540684E-02
0.3628840424E-03 -.4569545722E-02
-.9844034309E-03 0.4713051969E-02
0.4045384170E-04 -.1731319202E-02
0.2222542097E-02 -.4447720267E-03
-.2881836214E-02 -.5596150060E-03
-.1662066921E-02 -.2066525404E-02
-.1347861267E-02 -.1772435765E-02
-.1153987814E-03 -.3837740835E-03
0.6338127289E-03 0.2062099034E-02
0.9623742318E-03 -.1822890245E-02
-.1441951393E-03 0.2083598611E-02
-.1949009841E-02 -.4635828801E-04
0.4131048050E-02 0.1262242865E-02
-.2843768350E-02 0.4733814040E-02
-.1247832037E-02 -.3390401270E-02
0.1344082068E-02 0.4133011483E-02
-.2753100092E-02 -.3344601139E-02
0.6672462147E-02 0.9564152381E-03
-.2326468452E-02 0.5506105792E-02
-.1134591697E-02 -.6191699446E-03
-.2311993009E-03 0.2292780454E-02
-.3873216970E-04 -.9739116896E-03
0.1971909515E-02 0.3663694789E-02
-.3253758587E-02 0.1786119381E-02
-.2297858075E-02 -.1107304253E-02
-.1971051914E-02 -.1487069222E-02
0.2322914858E-02 -.1830940556E-02
0.4469586971E-02 0.3667270465E-02
-.4284027654E-02 0.1114910928E-02
-.5028256363E-02 -.2495024952E-02
-.1890200118E-02 -.1581649471E-02
0.2620952304E-02 -.2985448479E-02
0.1747340051E-02 0.5661145838E-03
-.4457493127E-03 0.3633373609E-03
-.1199652822E-02 -.2077128495E-02
-.8868211776E-03 -.3001110609E-02
0.3582977608E-02 -.8558088143E-03
0.3348415070E-02 0.2603163749E-02
0.1056211624E-02 0.1726357884E-02
-.2120631075E-02 -.7459465903E-03
0.4934898609E-03 -.2656262124E-02
0.2451125699E-02 0.7232659621E-03
-.1655721515E-02 0.6905774852E-03
0.3449301311E-02 -.5791493271E-03
-.2156386035E-02 0.3469387980E-02
-.8532900860E-03 -.4109504042E-02
0.2798403951E-02 0.1938656361E-02
-.2132044526E-02 0.2264611984E-02
0.1968513681E-02 -.6857899880E-03
-.3914544745E-02 0.1035971386E-02
-.1247034458E-03 -.3930480871E-03
-.6846594433E-03 0.1331182396E-02
-.1356265971E-02 -.1384369233E-02
-.1553397089E-02 0.3354519505E-02
-.4425821996E-03 -.8121283845E-03
0.3298820778E-02 0.1086282397E-02
-.4350417809E-02 0.2515948769E-02
0.1454756185E-02 0.2519740688E-03
-.2358946641E-03 0.5303747506E-02
-.4447553465E-02 -.2794740593E-02
0.1390298022E-02 -.1580756139E-02
-.2620403281E-03 0.1601068606E-02
0.4277618699E-03 -.8750736681E-03
0.3091917736E-03 -.1164028198E-03
-.5914485111E-03 -.5826696350E-03
0.1336720151E-02 0.6229737009E-03
0.3639909804E-02 -.1705445942E-02
-.1348919666E-03 0.9819063390E-03
-.2345667169E-02 -.4475628282E-03
0.2252476645E-02 -.2424681739E-02
0.1021150837E-02 -.8874491552E-03
-.8615456149E-03 -.8640420740E-03
0.2038922207E-02 0.4566523282E-02
0.1469118042E-02 0.4904801833E-03
-.3139686935E-04 -.1462669222E-02
-.6148573127E-03 0.2639894256E-02
0.4926071994E-03 0.5948820240E-03
-.9576366415E-03 0.1037371938E-02
-.1511894757E-02 -.1266838535E-04
0.2829087452E-03 0.5228508193E-03
0.9683286306E-03 -.3227754574E-02
0.3790735773E-02 0.7434872779E-03
0.3192956792E-03 0.2295419503E-02
0.2608884874E-02 -.2225748181E-02
0.1947101782E-02 0.2648373430E-02
-.1358905501E-02 -.2899520578E-02
0.4257189626E-02 0.5865225523E-03
-.3252076654E-02 0.4067852076E-02
-.5438026737E-03 -.3540619743E-02
0.2390351117E-02 0.6683460567E-03
-.2446352594E-02 0.1659097553E-03
0.9088980432E-03 -.1145576413E-02
0.2861571417E-03 -.1449272734E-02
-.7009471102E-03 -.3600934227E-04
-.5144631154E-03 -.1478609551E-02
0.1266610422E-02 -.9070104828E-03
-.1221948218E-02 0.1682348858E-03
0.3188126906E-03 0.2872979563E-03
0.9840238229E-03 -.8673231956E-03
-.1954678632E-02 -.2524855257E-02
0.1276176063E-02 -.1161327368E-02
0.3031748620E-02 -.1089448947E-02
0.2383927092E-02 -.7493619873E-04
0.1381355558E-02 0.1852505242E-02
-.1888133228E-03 -.6743553455E-03
0.6656090126E-03 -.1098830279E-02
-.1588895344E-02 -.1473241240E-02
0.2749453136E-02 -.1983051376E-03
-.8190767882E-03 0.5892512160E-03
0.6521783252E-03 -.2365613229E-02
0.1085072674E-03 0.1602039212E-02
-.3921656849E-02 -.4969682888E-03
0.1293569897E-02 -.1705230357E-02
-.1825802496E-02 -.8445961673E-03
-.1372444036E-02 -.2640972647E-02
-.3051247252E-03 -.2117587117E-03
-.1229013798E-02 -.1857933661E-02
0.7129660232E-03 -.2462679313E-02
-.6316919899E-03 0.4167738397E-03
0.1061606449E-02 -.2518015494E-04
-.7119017093E-03 -.1938863147E-03
0.1272727322E-02 -.1051504643E-02
0.5886198330E-03 0.3016438316E-02
-.1106269421E-02 -.7907480346E-03
0.1424441780E-02 -.2123406182E-02
-.2505822680E-02 0.1625423965E-02
-.4869871087E-03 -.3746757065E-03
0.9240689316E-03 0.4700926298E-03
-.5356880222E-04 0.3697652439E-03
-.1984928517E-03 0.4947745505E-03
-.1506730921E-03 0.3970535229E-03
-.1230553935E-02 -.7372653706E-03
-.9892799145E-03 -.4203681241E-03
0.1116832015E-03 0.7457890243E-03
-.2723717022E-02 -.2735422522E-02
0.4823632198E-03 -.2965811209E-02
-.5171001557E-03 0.2060514478E-02
0.3061445202E-03 -.1753773071E-02
0.9923522007E-03 0.1124031903E-02
-.2855297854E-02 -.7860027116E-03
0.2068106667E-02 -.2832084132E-02
0.1128118435E-02 0.4354819584E-03
0.1490912460E-02 0.5342840967E-03
-.1818984281E-02 0.3243153200E-02
-.5853397543E-03 -.1827740930E-03
0.3640536432E-03 0.2982186224E-02
-.2362934708E-02 -.1108979711E-02
0.3886702057E-02 -.1055547169E-02
0.1697034737E-04 0.4157024149E-02
-.2509665232E-02 -.2065053733E-02
0.9362589031E-03 -.5997110063E-03
-.9920817676E-03 0.1518905733E-02
0.3468144566E-03 -.1256655990E-02
0.1233772498E-02 -.3917859196E-03
-.1332134304E-02 -.1624141251E-02
0.2055878489E-02 -.1293072916E-02
0.2973029949E-02 -.1753234659E-02
0.1810412641E-02 0.2769874506E-02
-.8881243110E-03 0.2664794723E-02
0.1153273315E-02 -.1422582634E-03
-.1555144095E-02 0.1710773704E-02
-.9716048903E-03 -.4892288779E-03
0.2023773860E-02 0.1363402220E-02
-.8754607727E-03 0.3083639184E-03
-.2079728193E-02 0.3528129965E-03
0.5553822985E-03 -.3274567269E-02
0.2795338567E-02 0.1363143142E-02
-.1197396523E-02 0.1084105867E-02
0.2605454847E-02 -.1964497056E-02
0.6311277752E-03 0.1620502343E-02
0.9448599581E-04 -.1166342359E-02
0.1485308093E-02 0.1141009991E-02
-.1871453045E-03 -.1881879875E-02
0.1933573984E-02 0.5532310932E-03
-.3581174467E-03 -.5233574842E-03
0.2097517647E-03 -.1367177224E-02
0.4321295565E-03 0.2568453895E-02
0.3961271965E-03 0.5103029645E-03
-.9124794625E-03 0.2409051146E-03
-.6326237955E-03 -.1255776552E-03
0.3345699718E-03 0.6842869153E-03
-.3619412350E-03 -.6529362148E-03
-.1135016629E-02 0.1468232770E-02
-.7259681873E-03 -.7222918926E-03
0.3812213269E-04 -.1868540917E-02
-.2638243012E-03 0.1336533694E-02
0.1673039250E-02 -.5135969053E-03
0.6954094719E-03 0.1033245257E-02
-.1738632065E-02 0.2816799838E-03
0.1626404292E-02 -.1011995508E-02
0.1346903694E-02 0.3651900165E-04
-.1257177541E-02 -.2845519874E-03
0.1017847257E-02 0.1261074941E-02
-.5256881199E-03 -.7039348873E-03
0.5722637227E-03 -.1263307423E-02
-.5398698904E-03 0.9493527841E-03
-.1564504159E-02 -.9048582496E-03
0.1152876626E-02 0.1876807008E-02
-.3245886052E-02 0.2600296100E-02
-.2760312988E-02 -.1116204819E-02
-.2847657117E-02 -.1825298235E-02
-.1349492161E-02 -.2264601995E-02
-.5381885995E-03 -.4685343313E-03
-.2301232106E-02 -.9913574844E-03
-.5590051915E-03 -.9509958054E-03
-.1723045037E-02 -.1856721165E-02
0.1311262757E-02 -.1461609395E-02
-.3488032621E-03 0.8104674836E-03
0.4810315921E-03 -.2335341616E-02
0.2673665734E-02 0.1389206395E-02
-.6829082272E-03 0.3208130741E-02
-.1279291712E-03 -.4895614555E-03
0.1052635201E-02 0.1885800861E-02
-.5347985162E-04 0.1679207326E-02
-.1025475326E-02 -.1441851984E-02
0.3262458956E-05 0.8463108321E-03
-.8986939738E-03 0.1342245010E-02
-.1642584435E-02 -.1020701405E-02
0.9212565518E-03 -.1834175009E-02
0.2894074880E-03 -.1696026016E-03
0.1306800516E-02 -.2957586862E-02
0.2519808709E-02 0.7529539944E-03
0.2240873588E-03 -.1839326287E-03
0.1074657432E-02 0.3713384863E-03
-.2139378892E-02 0.1924088203E-02
0.1844733677E-02 -.5836304472E-04
0.7324797991E-03 0.1947579623E-02
-.7901569881E-03 -.5578222338E-04
0.6691850806E-03 0.3390542439E-02
-.1225181759E-03 -.3323343177E-03
0.5386040138E-04 -.4409517740E-04
-.9197039097E-03 0.2866103880E-02
0.1313626850E-02 -.2344456333E-02
0.1385644506E-02 -.2316878025E-03
-.1928325221E-02 -.4569545482E-03
0.1933255386E-02 -.1179617898E-02
-.1847956616E-03 0.1068682561E-02
-.2072271789E-02 -.1949089091E-02
0.2545423016E-02 0.4500093196E-03
-.6786610454E-03 0.8339656984E-04
-.2270655044E-03 -.1381179864E-02
0.2601566956E-04 -.4304245939E-03
-.5570823496E-03 0.3859049388E-03
0.1375672348E-02 0.6969719629E-03
0.3256021294E-03 -.4636242599E-03
-.4653914222E-03 0.2101265798E-03
-.1099463863E-03 0.1737656898E-02
0.1582999608E-03 0.1404677669E-02
-.4233737411E-03 0.4806346101E-03
-.4567985218E-03 0.1659633296E-02
-.2693300942E-03 -.8279469175E-03
0.4262722145E-03 -.4470382897E-03
0.7314371049E-03 0.8317510843E-03
0.2337919298E-03 -.3012809531E-05
-.6416847990E-03 0.7365671623E-03
-.1017124169E-02 -.1620984313E-02
0.2739143866E-02 -.9731568629E-03
0.1821224626E-02 -.2744984057E-03
0.1265907814E-02 -.1382175761E-02
0.2223618353E-02 0.9194774457E-03
-.6611098628E-03 -.1088660083E-03
0.1759408875E-02 0.1383015615E-02
-.1096497522E-02 0.1371402832E-02
-.1797265031E-02 -.5729415170E-03
-.8316722702E-03 0.1203890598E-02
-.1257682322E-02 0.6595630846E-03
-.1031256913E-02 -.5951215478E-04
-.1622725146E-02 0.3936729282E-03
-.8679505383E-03 0.1936854871E-02
-.2532905441E-02 -.5750909272E-04
-.5111469784E-03 -.8974229077E-03
-.1054716457E-02 0.1352481306E-02
-.1063332632E-02 -.7067165183E-03
0.1802555552E-02 0.2076765578E-03
-.2679236624E-02 -.5448980068E-03
0.1199781281E-02 -.2659949107E-02
0.1439584682E-02 0.1229230542E-02
-.1427902601E-02 -.3370646530E-03
0.1250208023E-02 0.3815262731E-03
-.2119250669E-03 0.1739538386E-02
-.7981602770E-03 -.1036882360E-02
0.1208775308E-02 0.1175398035E-02
0.1153535561E-02 0.1444173836E-02
0.1076277528E-02 -.9514084549E-03
0.3232851915E-04 -.3946329343E-03
0.1880952096E-02 -.1284181095E-02
0.1304892318E-02 0.6786858921E-03
-.2368074953E-02 0.2995496344E-03
-.4446634595E-03 0.9440547493E-03
0.8198113715E-05 0.2810437709E-04
-.4323340010E-03 0.1082024635E-02
-.7011954238E-04 -.2270258479E-03
0.1378999679E-02 -.9101243152E-03
-.7505983289E-03 0.6621782575E-03
0.1020088566E-03 -.1101593506E-03
0.7978257122E-03 0.1947441297E-02
-.4959316124E-03 0.9292726336E-03
-.1186089235E-02 0.2016150514E-03
0.3628930686E-03 -.8319935717E-03
-.3915536903E-03 0.2727298553E-02
0.9591054058E-04 0.8512902932E-04
0.2046231020E-02 0.4737201256E-03
-.2899261910E-02 0.1465567284E-02
0.1656175114E-03 -.3030578580E-02
0.3794712302E-03 0.2200051304E-02
-.2258803850E-02 0.1722746992E-03
-.9019327180E-03 -.2825808987E-03
-.1845464741E-02 0.2580756162E-03
-.1317987143E-03 -.1747989703E-02
0.5731271080E-03 0.1435293704E-02
-.2823308881E-03 0.4244049657E-03
-.1166840585E-02 -.9466968488E-03
0.8616184119E-03 -.1354279057E-02
0.1737435096E-02 0.7924517982E-03
-.2994288588E-03 0.3116613037E-03
0.4519112297E-03 -.6802644909E-03
-.6903914450E-03 -.3548975537E-03
-.4218446237E-03 -.8682880469E-03
0.1621143389E-02 0.1440957709E-02
0.3297527822E-04 0.1044842736E-02
-.1949046065E-02 -.9114787934E-03
0.3130248839E-03 -.1684617368E-02
-.2606715422E-03 -.2115424845E-03
-.5090282881E-03 -.1707128618E-02
0.6565198820E-03 0.3316001196E-04
-.1508787278E-02 0.1246803328E-02
-.1881806265E-02 -.2110352127E-02
-.1519319612E-03 -.1740847520E-02
0.2101775817E-03 -.8803618031E-03
-.1333719864E-02 0.2765526194E-07
